0.000000 0.000000 0.000000 0.000000
29.000000 19.000000 3811.000000 35.000000
3795.000000 16.000000 3796.000000 2328.000000
3810.000000 2313.000000 18.000000 2320.000000
30.000000 2339.000000 32.000000 5.000000
84.000000 2278.000000 87.000000 2193.000000
87.000000 2193.000000 430.000000 2190.000000
72.000000 2273.000000 420.000000 2267.000000
107.000000 2187.000000 80.000000 2212.000000
71.000000 2248.000000 106.000000 2282.000000
425.000000 2207.000000 425.000000 2141.000000
455.000000 2204.000000 460.000000 2148.000000
448.000000 2185.000000 596.000000 2195.000000
425.000000 2144.000000 390.000000 2100.000000
390.000000 2099.000000 400.000000 2060.000000
396.000000 2117.000000 387.000000 2082.000000
387.000000 2072.000000 437.000000 2063.000000
428.000000 2062.000000 474.000000 2075.000000
474.000000 2069.000000 488.000000 2102.000000
495.000000 2090.000000 490.000000 2130.000000
500.000000 2117.000000 457.000000 2161.000000
415.000000 2267.000000 495.000000 2264.000000
469.000000 2259.000000 589.000000 2262.000000
488.000000 2258.000000 481.000000 2273.000000
585.000000 2197.000000 721.000000 2192.000000
720.000000 2192.000000 831.000000 2194.000000
584.000000 2268.000000 695.000000 2263.000000
563.000000 2261.000000 602.000000 2273.000000
685.000000 2264.000000 816.000000 2274.000000
824.000000 2196.000000 839.000000 1976.000000
838.000000 1982.000000 845.000000 1926.000000
845.000000 1926.000000 1165.000000 1919.000000
1170.000000 1912.000000 1176.000000 1948.000000
1178.000000 1925.000000 1161.000000 1917.000000
1164.000000 1951.000000 1284.000000 1944.000000
1172.000000 2036.000000 1297.000000 2020.000000
1178.000000 2035.000000 1179.000000 2139.000000
1179.000000 2135.000000 1179.000000 2248.000000
1189.000000 2249.000000 1098.000000 2269.000000
1188.000000 2236.000000 1160.000000 2262.000000
1107.000000 2276.000000 960.000000 2278.000000
977.000000 2269.000000 785.000000 2278.000000
982.000000 2293.000000 958.000000 2273.000000
1087.000000 2288.000000 1116.000000 2266.000000
940.000000 2188.000000 936.000000 2116.000000
935.000000 2117.000000 1048.000000 2122.000000
1049.000000 2115.000000 1065.000000 2192.000000
1075.000000 2190.000000 931.000000 2183.000000
1041.000000 1978.000000 941.000000 1979.000000
941.000000 1979.000000 935.000000 2035.000000
931.000000 2037.000000 1045.000000 2038.000000
1045.000000 2044.000000 1034.000000 1989.000000
1023.000000 1973.000000 1041.000000 1989.000000
1041.000000 1983.000000 1035.000000 1992.000000
1275.000000 1962.000000 1286.000000 1868.000000
1285.000000 1868.000000 1634.000000 1853.000000
1624.000000 1857.000000 1634.000000 1911.000000
1634.000000 1912.000000 1791.000000 1910.000000
1786.000000 1905.000000 1854.000000 1945.000000
1851.000000 1953.000000 1950.000000 1878.000000
1625.000000 2010.000000 1766.000000 2017.000000
1759.000000 2017.000000 1832.000000 2084.000000
1820.000000 2101.000000 1989.000000 2005.000000
1636.000000 2011.000000 1649.000000 2101.000000
1653.000000 2089.000000 1645.000000 2164.000000
1656.000000 2155.000000 1468.000000 2181.000000
1475.000000 2169.000000 1474.000000 2218.000000
1464.000000 2223.000000 1645.000000 2207.000000
1483.000000 2229.000000 1463.000000 2205.000000
1630.000000 2220.000000 1644.000000 2198.000000
1673.000000 2197.000000 1634.000000 2197.000000
1677.000000 2197.000000 1721.000000 2218.000000
1717.000000 2212.000000 1722.000000 2253.000000
1728.000000 2248.000000 1705.000000 2291.000000
1716.000000 2286.000000 1669.000000 2300.000000
1673.000000 2304.000000 1640.000000 2292.000000
1643.000000 2292.000000 1541.000000 2298.000000
1545.000000 2296.000000 1459.000000 2302.000000
1468.000000 2307.000000 1366.000000 2293.000000
1366.000000 2293.000000 1352.000000 2224.000000
1346.000000 2235.000000 1362.000000 2136.000000
1365.000000 2145.000000 1341.000000 2092.000000
1289.000000 2019.000000 1368.000000 2014.000000
1369.000000 2015.000000 1473.000000 2007.000000
1474.000000 2009.000000 1473.000000 2052.000000
1473.000000 2055.000000 1411.000000 2075.000000
1411.000000 2076.000000 1342.000000 2091.000000
1856.000000 2082.000000 1808.000000 2069.000000
1939.000000 1878.000000 2029.000000 1871.000000
2027.000000 1861.000000 2153.000000 2003.000000
2156.000000 1985.000000 2162.000000 2152.000000
1989.000000 1995.000000 2039.000000 2050.000000
2010.000000 2007.000000 1972.000000 2011.000000
2035.000000 2029.000000 2059.000000 2151.000000
2063.000000 2145.000000 2051.000000 2259.000000
2044.000000 2260.000000 2306.000000 2270.000000
2148.000000 2160.000000 2253.000000 2155.000000
2176.000000 2166.000000 2152.000000 2144.000000
2249.000000 2167.000000 2247.000000 1798.000000
2286.000000 2274.000000 2386.000000 2260.000000
2379.000000 2257.000000 2508.000000 2266.000000
2492.000000 2268.000000 2680.000000 2258.000000
2664.000000 2269.000000 2798.000000 2237.000000
2666.000000 2252.000000 2694.000000 2263.000000
2788.000000 2254.000000 2969.000000 2237.000000
2772.000000 2239.000000 2852.000000 2248.000000
2955.000000 2247.000000 3060.000000 2227.000000
2953.000000 2232.000000 2979.000000 2243.000000
3040.000000 2224.000000 3215.000000 2239.000000
3203.000000 2243.000000 3208.000000 1994.000000
3217.000000 2004.000000 3150.000000 1837.000000
3150.000000 1854.000000 3166.000000 1718.000000
3198.000000 2007.000000 3212.000000 1981.000000
3153.000000 1734.000000 3218.000000 1670.000000
2237.000000 1810.000000 2271.000000 1712.000000
2242.000000 1767.000000 2248.000000 1818.000000
2408.000000 2101.000000 2405.000000 2165.000000
2405.000000 2165.000000 2518.000000 2173.000000
2518.000000 2173.000000 2520.000000 2120.000000
2520.000000 2120.000000 2477.000000 2111.000000
2477.000000 2111.000000 2462.000000 2061.000000
2462.000000 2061.000000 2408.000000 2056.000000
2408.000000 2056.000000 2408.000000 2101.000000
2628.000000 1943.000000 2710.000000 1955.000000
2710.000000 1955.000000 2745.000000 2008.000000
2745.000000 2008.000000 2710.000000 2054.000000
2710.000000 2054.000000 2641.000000 2042.000000
2641.000000 2042.000000 2628.000000 1943.000000
3224.000000 2057.000000 3117.000000 2098.000000
3117.000000 2098.000000 3128.000000 2148.000000
3128.000000 2148.000000 3036.000000 2148.000000
3036.000000 2148.000000 3032.000000 2240.000000
3032.000000 2240.000000 3255.000000 2256.000000
3255.000000 2256.000000 3224.000000 2057.000000
2831.000000 2258.000000 2842.000000 2196.000000
2842.000000 2196.000000 2882.000000 2208.000000
2882.000000 2208.000000 2925.000000 2194.000000
2925.000000 2194.000000 2944.000000 2251.000000
2944.000000 2251.000000 2831.000000 2258.000000
2209.000000 1767.000000 2354.000000 1776.000000
2354.000000 1776.000000 2353.000000 1826.000000
2353.000000 1826.000000 2309.000000 1831.000000
2309.000000 1831.000000 2317.000000 1877.000000
2317.000000 1877.000000 2241.000000 1891.000000
2241.000000 1891.000000 2209.000000 1767.000000
2907.000000 1750.000000 2764.000000 1742.000000
2764.000000 1742.000000 2764.000000 1801.000000
2764.000000 1801.000000 2854.000000 1825.000000
2854.000000 1825.000000 2879.000000 1915.000000
2879.000000 1915.000000 2947.000000 1897.000000
2947.000000 1897.000000 2947.000000 1829.000000
2947.000000 1829.000000 2994.000000 1840.000000
2994.000000 1840.000000 2992.000000 1768.000000
2992.000000 1768.000000 2907.000000 1750.000000
2540.000000 1542.000000 2448.000000 1575.000000
2448.000000 1575.000000 2443.000000 1659.000000
2443.000000 1659.000000 2531.000000 1683.000000
2531.000000 1683.000000 2546.000000 1743.000000
2546.000000 1743.000000 2623.000000 1730.000000
2623.000000 1730.000000 2625.000000 1613.000000
2625.000000 1613.000000 2540.000000 1542.000000
2281.000000 1729.000000 2245.000000 1590.000000
2277.000000 1690.000000 2274.000000 1721.000000
3219.000000 1687.000000 3157.000000 1487.000000
3154.000000 1514.000000 3171.000000 1375.000000
3186.000000 1390.000000 3031.000000 1296.000000
3037.000000 1289.000000 2799.000000 1318.000000
2664.000000 1289.000000 2813.000000 1327.000000
3047.000000 1300.000000 2995.000000 1288.000000
2831.000000 1323.000000 2759.000000 1313.000000
2685.000000 1283.000000 2482.000000 1336.000000
2497.000000 1341.000000 2360.000000 1326.000000
2455.000000 1340.000000 2497.000000 1333.000000
2761.000000 1304.000000 2759.000000 1477.000000
2759.000000 1477.000000 2852.000000 1563.000000
2852.000000 1563.000000 2889.000000 1520.000000
2889.000000 1520.000000 2820.000000 1460.000000
2820.000000 1460.000000 2819.000000 1295.000000
2819.000000 1295.000000 2761.000000 1304.000000
3173.000000 1488.000000 3022.000000 1519.000000
3022.000000 1519.000000 2976.000000 1587.000000
2976.000000 1587.000000 3094.000000 1587.000000
3094.000000 1587.000000 3192.000000 1527.000000
3192.000000 1527.000000 3173.000000 1488.000000
2238.000000 1603.000000 2284.000000 1539.000000
2284.000000 1537.000000 2085.000000 1501.000000
2372.000000 1329.000000 2177.000000 1302.000000
2187.000000 1294.000000 1962.000000 1320.000000
2148.000000 1298.000000 2205.000000 1300.000000
2111.000000 1510.000000 1854.000000 1508.000000
2121.000000 1506.000000 2105.000000 1508.000000
1966.000000 1324.000000 1876.000000 1291.000000
1870.000000 1517.000000 1784.000000 1489.000000
1791.000000 1484.000000 1617.000000 1628.000000
1632.000000 1625.000000 1333.000000 1624.000000
1342.000000 1629.000000 1136.000000 1544.000000
1137.000000 1552.000000 1043.000000 1312.000000
1042.000000 1330.000000 1061.000000 1182.000000
1070.000000 1185.000000 886.000000 1186.000000
1089.000000 1110.000000 887.000000 1111.000000
1071.000000 1117.000000 1098.000000 982.000000
1090.000000 989.000000 1197.000000 860.000000
1185.000000 862.000000 1320.000000 802.000000
1311.000000 801.000000 1453.000000 795.000000
1444.000000 788.000000 1644.000000 779.000000
1446.000000 800.000000 1462.000000 778.000000
1631.000000 769.000000 1780.000000 880.000000
1770.000000 868.000000 1811.000000 911.000000
1800.000000 913.000000 1969.000000 842.000000
1877.000000 1290.000000 1884.000000 1137.000000
1888.000000 1149.000000 1840.000000 1015.000000
1818.000000 1024.000000 1995.000000 936.000000
1836.000000 1007.000000 1843.000000 1021.000000
888.000000 1118.000000 893.000000 917.000000
898.000000 922.000000 543.000000 927.000000
576.000000 928.000000 499.000000 928.000000
514.000000 926.000000 462.000000 925.000000
465.000000 926.000000 295.000000 924.000000
297.000000 918.000000 312.000000 1570.000000
289.000000 1566.000000 884.000000 1526.000000
872.000000 1537.000000 887.000000 1187.000000
1955.000000 846.000000 2100.000000 798.000000
2091.000000 798.000000 2158.000000 844.000000
2161.000000 837.000000 2159.000000 1071.000000
1991.000000 953.000000 2059.000000 891.000000
2011.000000 938.000000 1987.000000 936.000000
2054.000000 890.000000 2082.000000 1090.000000
2075.000000 1086.000000 2122.000000 1192.000000
2112.000000 1193.000000 2274.000000 1188.000000
2264.000000 1194.000000 2290.000000 917.000000
2291.000000 936.000000 2278.000000 894.000000
2159.000000 847.000000 2256.000000 777.000000
2142.000000 836.000000 2174.000000 836.000000
2240.000000 781.000000 2348.000000 779.000000
2349.000000 777.000000 2422.000000 894.000000
2422.000000 887.000000 2412.000000 1097.000000
2266.000000 1164.000000 2357.000000 1204.000000
2351.000000 1206.000000 2488.000000 1196.000000
2485.000000 1201.000000 2561.000000 1119.000000
2561.000000 1125.000000 2566.000000 703.000000
2415.000000 899.000000 2418.000000 618.000000
2565.000000 716.000000 2554.000000 445.000000
2417.000000 625.000000 2415.000000 429.000000
2416.000000 432.000000 2208.000000 423.000000
2210.000000 429.000000 2204.000000 154.000000
2197.000000 159.000000 2742.000000 176.000000
2727.000000 170.000000 2717.000000 444.000000
2732.000000 439.000000 2538.000000 449.000000
1561.000000 906.000000 1636.000000 965.000000
1636.000000 965.000000 1593.000000 1010.000000
1593.000000 1010.000000 1548.000000 967.000000
1548.000000 967.000000 1561.000000 906.000000
1340.000000 992.000000 1298.000000 1079.000000
1298.000000 1079.000000 1316.000000 1172.000000
1316.000000 1172.000000 1406.000000 1143.000000
1406.000000 1143.000000 1340.000000 992.000000
1527.000000 1337.000000 1620.000000 1322.000000
1620.000000 1322.000000 1592.000000 1398.000000
1592.000000 1398.000000 1533.000000 1411.000000
1533.000000 1411.000000 1516.000000 1471.000000
1516.000000 1471.000000 1425.000000 1441.000000
1425.000000 1441.000000 1527.000000 1337.000000
1048.000000 1496.000000 1162.000000 1437.000000
1162.000000 1437.000000 1231.000000 1535.000000
1231.000000 1535.000000 1297.000000 1495.000000
1297.000000 1495.000000 1347.000000 1557.000000
1347.000000 1557.000000 1327.000000 1656.000000
1327.000000 1656.000000 1048.000000 1496.000000
1541.000000 1668.000000 1573.000000 1590.000000
1573.000000 1590.000000 1661.000000 1545.000000
1661.000000 1545.000000 1716.000000 1501.000000
1716.000000 1501.000000 1771.000000 1544.000000
1771.000000 1544.000000 1541.000000 1668.000000
1886.000000 1090.000000 1744.000000 1135.000000
1744.000000 1135.000000 1746.000000 1176.000000
1746.000000 1176.000000 1825.000000 1163.000000
1825.000000 1163.000000 1827.000000 1218.000000
1827.000000 1218.000000 1886.000000 1090.000000
1828.000000 1209.000000 1910.000000 1204.000000
1910.000000 1204.000000 1897.000000 1116.000000
1897.000000 1116.000000 1828.000000 1209.000000
1498.000000 760.000000 1457.000000 870.000000
1457.000000 870.000000 1409.000000 864.000000
1409.000000 864.000000 1396.000000 759.000000
1396.000000 759.000000 1498.000000 760.000000
1192.000000 853.000000 1241.000000 921.000000
1241.000000 921.000000 1188.000000 959.000000
1188.000000 959.000000 1184.000000 996.000000
1184.000000 996.000000 1131.000000 998.000000
1131.000000 998.000000 1086.000000 948.000000
1086.000000 948.000000 1192.000000 853.000000
1222.000000 1235.000000 1161.000000 1211.000000
1161.000000 1211.000000 1156.000000 1280.000000
1156.000000 1280.000000 1199.000000 1323.000000
1199.000000 1323.000000 1277.000000 1356.000000
1277.000000 1356.000000 1286.000000 1301.000000
1286.000000 1301.000000 1222.000000 1235.000000
1583.000000 993.000000 1550.000000 1054.000000
1550.000000 1054.000000 1591.000000 1136.000000
1591.000000 1136.000000 1673.000000 1186.000000
1673.000000 1186.000000 1769.000000 1148.000000
1769.000000 1148.000000 1739.000000 1084.000000
1739.000000 1084.000000 1688.000000 1094.000000
1688.000000 1094.000000 1682.000000 1012.000000
1682.000000 1012.000000 1583.000000 993.000000
462.485474 2069.671631 481.485474 2075.671631
487.485474 2132.671631 488.485474 2089.671631
446.485474 2072.671631 474.485474 2065.671631
706.964966 2192.747559 735.965942 2188.747559
700.965942 2186.747559 719.965942 2189.747559
706.965942 2199.747559 748.965942 2180.747559
821.965942 2196.747559 826.965942 2180.747559
1098.860718 2272.387207 1110.859253 2256.309814
1179.859131 2223.291504 1162.859131 2257.290039
1176.859131 2121.691406 1181.859131 2155.145020
1042.014404 1994.390625 1032.542236 1965.517334
942.130493 1977.125244 939.715088 1985.099121
856.233643 1918.093994 838.232056 1945.093994
843.232056 1928.093994 839.232056 1980.093994
872.232056 1917.538330 823.232056 1951.644531
1176.180908 1949.749390 1153.200195 1919.750488
1171.205566 1957.750488 1165.205566 1935.750488
1190.585205 2022.853760 1177.022217 2040.280518
1178.082275 2035.339600 1176.082275 2055.339600
1195.082275 2028.339600 1170.082275 2063.339600
1381.297241 2012.724854 1350.376709 2009.722046
1304.737915 1862.721558 1277.891235 1883.721558
1603.095459 1844.721558 1634.326050 1873.721558
1357.518677 2119.676758 1359.518677 2157.676758
1340.518677 2220.676758 1353.518677 2230.676758
1649.518677 2101.676758 1649.518677 2101.676758
1642.394165 2145.633545 1645.105469 2145.655029
1645.689697 2130.686035 1645.689453 2130.686035
1656.689209 2111.686035 1628.689209 2152.686035
1487.702515 2175.276855 1465.820312 2185.432373
1461.289062 2196.141357 1478.591797 2212.423340
1471.272949 2173.009277 1460.272949 2215.009277
1349.272949 2088.126465 1344.272949 2104.288086
1402.272949 2069.390137 1409.272949 2077.390137
1399.272949 2079.390137 1428.272949 2063.390137
1460.272949 2065.390137 1469.272949 2045.390015
1474.272949 2042.390015 1462.272949 2062.390137
1428.836670 2074.617676 1401.855713 2070.629395
1355.985962 2260.156738 1372.985352 2292.240723
1668.359619 2195.436523 1698.359619 2206.436523
1636.359619 2209.436523 1670.359619 2194.436523
1661.359619 2195.436523 1687.359619 2198.436523
64.039108 -185.553223 234.979828 -188.423584
230.979828 -187.423584 363.979828 -192.423584
356.979828 -194.423584 493.979828 -193.423584
488.979828 -195.423584 640.979858 -193.423584
631.979858 -193.423584 781.979858 -202.423584
775.979858 -202.423584 912.979858 -207.423584
893.979858 -207.423584 999.979858 -206.423584
68.778015 -175.236267 58.778015 -290.236267
51.778015 -287.236267 196.778015 -295.236267
188.085327 -293.092163 286.085327 -295.092163
282.085327 -298.092163 378.085327 -302.092163
374.085327 -300.092163 485.085327 -306.092163
480.439484 -305.637329 591.272095 -315.637329
588.268982 -316.637329 719.268677 -313.637329
719.268677 -313.637329 856.268677 -316.637329
856.268677 -315.637329 971.268677 -315.637329
971.268677 -315.637329 1075.268677 -316.637329
989.268677 -205.637329 1094.268677 -208.637329
841.420593 -318.829468 874.704590 -318.830444
969.493591 -309.830444 1021.492310 -314.830444
959.797363 -318.830444 1006.958862 -313.830444
977.022400 -206.830444 1025.022461 -209.830444
1087.022461 -208.830444 1203.022461 -206.830444
1059.609497 -312.830444 1169.611450 -320.830444
1063.048096 -314.830444 1082.169189 -314.830444
1159.200195 -315.830444 1262.200562 -319.830444
1155.200562 -320.830444 1174.200562 -314.830444
1193.200562 -207.830444 1260.200562 -213.830444
1257.346924 -321.665344 1333.347168 -298.665344
1258.347168 -214.665344 1327.347168 -246.665344
1267.100342 -219.413513 1240.812744 -214.448120
1271.809082 -317.448425 1235.809082 -323.448425
1327.809082 -245.448425 1367.809082 -258.448425
1325.809082 -303.448425 1377.809082 -304.448425
1375.809082 -304.448425 1411.809082 -307.448425
1365.809082 -262.448425 1437.809082 -266.448425
1433.464600 -265.836548 1480.464600 -267.836548
1480.464600 -267.836548 1543.464600 -267.836548
1543.464600 -267.836548 1598.464600 -267.836548
1598.464600 -267.836548 1662.464600 -268.836548
1662.464600 -268.836548 1713.464600 -269.836548
1713.464600 -269.836548 1776.464600 -274.836548
1776.464600 -274.836548 1826.464600 -274.836548
1827.464600 -274.836548 1874.464600 -277.836548
1407.464600 -310.836548 1443.464600 -310.836548
1510.464600 -314.836548 1548.464600 -319.836548
1554.464600 -319.836548 1621.464600 -319.836548
1682.464600 -324.836548 1624.464600 -321.836548
1539.464600 -318.836548 1564.464600 -322.836548
1608.464600 -321.836548 1638.464600 -325.836548
1440.464600 -310.836548 1511.464600 -422.836548
1508.464600 -419.836548 1585.464600 -495.836548
1510.464600 -320.836548 1553.464600 -381.836548
1553.464600 -383.836548 1590.464600 -439.836548
1595.946533 -435.836548 1642.823975 -399.836548
1642.853882 -396.836548 1680.862671 -331.836548
1582.862671 -486.836548 1669.862671 -437.836548
1669.862671 -436.836548 1729.862671 -362.836548
1728.862671 -361.836548 1738.862671 -348.836548
1741.862671 -345.836548 1802.862671 -340.836548
1804.862671 -340.836548 1862.862671 -342.836548
1794.261841 -341.882935 1821.261841 -338.882935
1858.261841 -344.882935 1926.261841 -344.882935
1870.261841 -277.882935 1926.261841 -281.882935
1926.261841 -281.882935 1930.261841 -187.882935
1930.261841 -187.882935 2078.261719 -189.882935
2078.261719 -189.882935 2072.261719 -447.882935
2072.261719 -447.882935 1915.261841 -442.882935
1915.261841 -442.882935 1929.261841 -351.882935
1926.261841 -344.882935 1926.261841 -357.882935
1913.261841 -380.882935 1973.261841 -450.882935
2026.261841 -453.882935 2075.261719 -368.882935
2083.261719 -277.882935 2012.261841 -190.882935
1998.261841 -179.882935 1910.261841 -238.882935
