0.000000 0.000000 0.000000 0.000000
58.000000 38.000000 7622.000000 70.000000
7590.000000 32.000000 7592.000000 4656.000000
7620.000000 4626.000000 36.000000 4640.000000
60.000000 4678.000000 64.000000 10.000000
168.000000 4556.000000 174.000000 4386.000000
174.000000 4386.000000 860.000000 4380.000000
144.000000 4546.000000 840.000000 4534.000000
214.000000 4374.000000 160.000000 4424.000000
142.000000 4496.000000 212.000000 4564.000000
850.000000 4414.000000 850.000000 4282.000000
910.000000 4408.000000 920.000000 4296.000000
896.000000 4370.000000 1192.000000 4390.000000
850.000000 4288.000000 780.000000 4200.000000
780.000000 4198.000000 800.000000 4120.000000
792.000000 4234.000000 774.000000 4164.000000
774.000000 4144.000000 874.000000 4126.000000
856.000000 4124.000000 948.000000 4150.000000
948.000000 4138.000000 976.000000 4204.000000
990.000000 4180.000000 980.000000 4260.000000
1000.000000 4234.000000 914.000000 4322.000000
830.000000 4534.000000 990.000000 4528.000000
938.000000 4518.000000 1178.000000 4524.000000
976.000000 4516.000000 962.000000 4546.000000
1170.000000 4394.000000 1442.000000 4384.000000
1440.000000 4384.000000 1662.000000 4388.000000
1168.000000 4536.000000 1390.000000 4526.000000
1126.000000 4522.000000 1204.000000 4546.000000
1370.000000 4528.000000 1632.000000 4548.000000
1648.000000 4392.000000 1678.000000 3952.000000
1676.000000 3964.000000 1690.000000 3852.000000
1690.000000 3852.000000 2330.000000 3838.000000
2340.000000 3824.000000 2352.000000 3896.000000
2356.000000 3850.000000 2322.000000 3834.000000
2328.000000 3902.000000 2568.000000 3888.000000
2344.000000 4072.000000 2594.000000 4040.000000
2356.000000 4070.000000 2358.000000 4278.000000
2358.000000 4270.000000 2358.000000 4496.000000
2378.000000 4498.000000 2196.000000 4538.000000
2376.000000 4472.000000 2320.000000 4524.000000
2214.000000 4552.000000 1920.000000 4556.000000
1954.000000 4538.000000 1570.000000 4556.000000
1964.000000 4586.000000 1916.000000 4546.000000
2174.000000 4576.000000 2232.000000 4532.000000
1880.000000 4376.000000 1872.000000 4232.000000
1870.000000 4234.000000 2096.000000 4244.000000
2098.000000 4230.000000 2130.000000 4384.000000
2150.000000 4380.000000 1862.000000 4366.000000
2082.000000 3956.000000 1882.000000 3958.000000
1882.000000 3958.000000 1870.000000 4070.000000
1862.000000 4074.000000 2090.000000 4076.000000
2090.000000 4088.000000 2068.000000 3978.000000
2046.000000 3946.000000 2082.000000 3978.000000
2082.000000 3966.000000 2070.000000 3984.000000
2550.000000 3924.000000 2572.000000 3736.000000
2570.000000 3736.000000 3268.000000 3706.000000
3248.000000 3714.000000 3268.000000 3822.000000
3268.000000 3824.000000 3582.000000 3820.000000
3572.000000 3810.000000 3708.000000 3890.000000
3702.000000 3906.000000 3900.000000 3756.000000
3250.000000 4020.000000 3532.000000 4034.000000
3518.000000 4034.000000 3664.000000 4168.000000
3640.000000 4202.000000 3978.000000 4010.000000
3272.000000 4022.000000 3298.000000 4202.000000
3306.000000 4178.000000 3290.000000 4328.000000
3312.000000 4310.000000 2936.000000 4362.000000
2950.000000 4338.000000 2948.000000 4436.000000
2928.000000 4446.000000 3290.000000 4414.000000
2966.000000 4458.000000 2926.000000 4410.000000
3260.000000 4440.000000 3288.000000 4396.000000
3346.000000 4394.000000 3268.000000 4394.000000
3354.000000 4394.000000 3442.000000 4436.000000
3434.000000 4424.000000 3444.000000 4506.000000
3456.000000 4496.000000 3410.000000 4582.000000
3432.000000 4572.000000 3338.000000 4600.000000
3346.000000 4608.000000 3280.000000 4584.000000
3286.000000 4584.000000 3082.000000 4596.000000
3090.000000 4592.000000 2918.000000 4604.000000
2936.000000 4614.000000 2732.000000 4586.000000
2732.000000 4586.000000 2704.000000 4448.000000
2692.000000 4470.000000 2724.000000 4272.000000
2730.000000 4290.000000 2682.000000 4184.000000
2578.000000 4038.000000 2736.000000 4028.000000
2738.000000 4030.000000 2946.000000 4014.000000
2948.000000 4018.000000 2946.000000 4104.000000
2946.000000 4110.000000 2822.000000 4150.000000
2822.000000 4152.000000 2684.000000 4182.000000
3712.000000 4164.000000 3616.000000 4138.000000
3878.000000 3756.000000 4058.000000 3742.000000
4054.000000 3722.000000 4306.000000 4006.000000
4312.000000 3970.000000 4324.000000 4304.000000
3978.000000 3990.000000 4078.000000 4100.000000
4020.000000 4014.000000 3944.000000 4022.000000
4070.000000 4058.000000 4118.000000 4302.000000
4126.000000 4290.000000 4102.000000 4518.000000
4088.000000 4520.000000 4612.000000 4540.000000
4296.000000 4320.000000 4506.000000 4310.000000
4352.000000 4332.000000 4304.000000 4288.000000
4498.000000 4334.000000 4494.000000 3596.000000
4572.000000 4548.000000 4772.000000 4520.000000
4758.000000 4514.000000 5016.000000 4532.000000
4984.000000 4536.000000 5360.000000 4516.000000
5328.000000 4538.000000 5596.000000 4474.000000
5332.000000 4504.000000 5388.000000 4526.000000
5576.000000 4508.000000 5938.000000 4474.000000
5544.000000 4478.000000 5704.000000 4496.000000
5910.000000 4494.000000 6120.000000 4454.000000
5906.000000 4464.000000 5958.000000 4486.000000
6080.000000 4448.000000 6430.000000 4478.000000
6406.000000 4486.000000 6416.000000 3988.000000
6434.000000 4008.000000 6300.000000 3674.000000
6300.000000 3708.000000 6332.000000 3436.000000
6396.000000 4014.000000 6424.000000 3962.000000
6306.000000 3468.000000 6436.000000 3340.000000
4474.000000 3620.000000 4542.000000 3424.000000
4484.000000 3534.000000 4496.000000 3636.000000
4816.000000 4202.000000 4810.000000 4330.000000
4810.000000 4330.000000 5036.000000 4346.000000
5036.000000 4346.000000 5040.000000 4240.000000
5040.000000 4240.000000 4954.000000 4222.000000
4954.000000 4222.000000 4924.000000 4122.000000
4924.000000 4122.000000 4816.000000 4112.000000
4816.000000 4112.000000 4816.000000 4202.000000
5256.000000 3886.000000 5420.000000 3910.000000
5420.000000 3910.000000 5490.000000 4016.000000
5490.000000 4016.000000 5420.000000 4108.000000
5420.000000 4108.000000 5282.000000 4084.000000
5282.000000 4084.000000 5256.000000 3886.000000
6448.000000 4114.000000 6234.000000 4196.000000
6234.000000 4196.000000 6256.000000 4296.000000
6256.000000 4296.000000 6072.000000 4296.000000
6072.000000 4296.000000 6064.000000 4480.000000
6064.000000 4480.000000 6510.000000 4512.000000
6510.000000 4512.000000 6448.000000 4114.000000
5662.000000 4516.000000 5684.000000 4392.000000
5684.000000 4392.000000 5764.000000 4416.000000
5764.000000 4416.000000 5850.000000 4388.000000
5850.000000 4388.000000 5888.000000 4502.000000
5888.000000 4502.000000 5662.000000 4516.000000
4418.000000 3534.000000 4708.000000 3552.000000
4708.000000 3552.000000 4706.000000 3652.000000
4706.000000 3652.000000 4618.000000 3662.000000
4618.000000 3662.000000 4634.000000 3754.000000
4634.000000 3754.000000 4482.000000 3782.000000
4482.000000 3782.000000 4418.000000 3534.000000
5814.000000 3500.000000 5528.000000 3484.000000
5528.000000 3484.000000 5528.000000 3602.000000
5528.000000 3602.000000 5708.000000 3650.000000
5708.000000 3650.000000 5758.000000 3830.000000
5758.000000 3830.000000 5894.000000 3794.000000
5894.000000 3794.000000 5894.000000 3658.000000
5894.000000 3658.000000 5988.000000 3680.000000
5988.000000 3680.000000 5984.000000 3536.000000
5984.000000 3536.000000 5814.000000 3500.000000
5080.000000 3084.000000 4896.000000 3150.000000
4896.000000 3150.000000 4886.000000 3318.000000
4886.000000 3318.000000 5062.000000 3366.000000
5062.000000 3366.000000 5092.000000 3486.000000
5092.000000 3486.000000 5246.000000 3460.000000
5246.000000 3460.000000 5250.000000 3226.000000
5250.000000 3226.000000 5080.000000 3084.000000
4562.000000 3458.000000 4490.000000 3180.000000
4554.000000 3380.000000 4548.000000 3442.000000
6438.000000 3374.000000 6314.000000 2974.000000
6308.000000 3028.000000 6342.000000 2750.000000
6372.000000 2780.000000 6062.000000 2592.000000
6074.000000 2578.000000 5598.000000 2636.000000
5328.000000 2578.000000 5626.000000 2654.000000
6094.000000 2600.000000 5990.000000 2576.000000
5662.000000 2646.000000 5518.000000 2626.000000
5370.000000 2566.000000 4964.000000 2672.000000
4994.000000 2682.000000 4720.000000 2652.000000
4910.000000 2680.000000 4994.000000 2666.000000
5522.000000 2608.000000 5518.000000 2954.000000
5518.000000 2954.000000 5704.000000 3126.000000
5704.000000 3126.000000 5778.000000 3040.000000
5778.000000 3040.000000 5640.000000 2920.000000
5640.000000 2920.000000 5638.000000 2590.000000
5638.000000 2590.000000 5522.000000 2608.000000
6346.000000 2976.000000 6044.000000 3038.000000
6044.000000 3038.000000 5952.000000 3174.000000
5952.000000 3174.000000 6188.000000 3174.000000
6188.000000 3174.000000 6384.000000 3054.000000
6384.000000 3054.000000 6346.000000 2976.000000
4476.000000 3206.000000 4568.000000 3078.000000
4568.000000 3074.000000 4170.000000 3002.000000
4744.000000 2658.000000 4354.000000 2604.000000
4374.000000 2588.000000 3924.000000 2640.000000
4296.000000 2596.000000 4410.000000 2600.000000
4222.000000 3020.000000 3708.000000 3016.000000
4242.000000 3012.000000 4210.000000 3016.000000
3932.000000 2648.000000 3752.000000 2582.000000
3740.000000 3034.000000 3568.000000 2978.000000
3582.000000 2968.000000 3234.000000 3256.000000
3264.000000 3250.000000 2666.000000 3248.000000
2684.000000 3258.000000 2272.000000 3088.000000
2274.000000 3104.000000 2086.000000 2624.000000
2084.000000 2660.000000 2122.000000 2364.000000
2140.000000 2370.000000 1772.000000 2372.000000
2178.000000 2220.000000 1774.000000 2222.000000
2142.000000 2234.000000 2196.000000 1964.000000
2180.000000 1978.000000 2394.000000 1720.000000
2370.000000 1724.000000 2640.000000 1604.000000
2622.000000 1602.000000 2906.000000 1590.000000
2888.000000 1576.000000 3288.000000 1558.000000
2892.000000 1600.000000 2924.000000 1556.000000
3262.000000 1538.000000 3560.000000 1760.000000
3540.000000 1736.000000 3622.000000 1822.000000
3600.000000 1826.000000 3938.000000 1684.000000
3754.000000 2580.000000 3768.000000 2274.000000
3776.000000 2298.000000 3680.000000 2030.000000
3636.000000 2048.000000 3990.000000 1872.000000
3672.000000 2014.000000 3686.000000 2042.000000
1776.000000 2236.000000 1786.000000 1834.000000
1796.000000 1844.000000 1086.000000 1854.000000
1152.000000 1856.000000 998.000000 1856.000000
1028.000000 1852.000000 924.000000 1850.000000
930.000000 1852.000000 590.000000 1848.000000
594.000000 1836.000000 624.000000 3140.000000
578.000000 3132.000000 1768.000000 3052.000000
1744.000000 3074.000000 1774.000000 2374.000000
3910.000000 1692.000000 4200.000000 1596.000000
4182.000000 1596.000000 4316.000000 1688.000000
4322.000000 1674.000000 4318.000000 2142.000000
3982.000000 1906.000000 4118.000000 1782.000000
4022.000000 1876.000000 3974.000000 1872.000000
4108.000000 1780.000000 4164.000000 2180.000000
4150.000000 2172.000000 4244.000000 2384.000000
4224.000000 2386.000000 4548.000000 2376.000000
4528.000000 2388.000000 4580.000000 1834.000000
4582.000000 1872.000000 4556.000000 1788.000000
4318.000000 1694.000000 4512.000000 1554.000000
4284.000000 1672.000000 4348.000000 1672.000000
4480.000000 1562.000000 4696.000000 1558.000000
4698.000000 1554.000000 4844.000000 1788.000000
4844.000000 1774.000000 4824.000000 2194.000000
4532.000000 2328.000000 4714.000000 2408.000000
4702.000000 2412.000000 4976.000000 2392.000000
4970.000000 2402.000000 5122.000000 2238.000000
5122.000000 2250.000000 5132.000000 1406.000000
4830.000000 1798.000000 4836.000000 1236.000000
5130.000000 1432.000000 5108.000000 890.000000
4834.000000 1250.000000 4830.000000 858.000000
4832.000000 864.000000 4416.000000 846.000000
4420.000000 858.000000 4408.000000 308.000000
4394.000000 318.000000 5484.000000 352.000000
5454.000000 340.000000 5434.000000 888.000000
5464.000000 878.000000 5076.000000 898.000000
3122.000000 1812.000000 3272.000000 1930.000000
3272.000000 1930.000000 3186.000000 2020.000000
3186.000000 2020.000000 3096.000000 1934.000000
3096.000000 1934.000000 3122.000000 1812.000000
2680.000000 1984.000000 2596.000000 2158.000000
2596.000000 2158.000000 2632.000000 2344.000000
2632.000000 2344.000000 2812.000000 2286.000000
2812.000000 2286.000000 2680.000000 1984.000000
3054.000000 2674.000000 3240.000000 2644.000000
3240.000000 2644.000000 3184.000000 2796.000000
3184.000000 2796.000000 3066.000000 2822.000000
3066.000000 2822.000000 3032.000000 2942.000000
3032.000000 2942.000000 2850.000000 2882.000000
2850.000000 2882.000000 3054.000000 2674.000000
2096.000000 2992.000000 2324.000000 2874.000000
2324.000000 2874.000000 2462.000000 3070.000000
2462.000000 3070.000000 2594.000000 2990.000000
2594.000000 2990.000000 2694.000000 3114.000000
2694.000000 3114.000000 2654.000000 3312.000000
2654.000000 3312.000000 2096.000000 2992.000000
3082.000000 3336.000000 3146.000000 3180.000000
3146.000000 3180.000000 3322.000000 3090.000000
3322.000000 3090.000000 3432.000000 3002.000000
3432.000000 3002.000000 3542.000000 3088.000000
3542.000000 3088.000000 3082.000000 3336.000000
3772.000000 2180.000000 3488.000000 2270.000000
3488.000000 2270.000000 3492.000000 2352.000000
3492.000000 2352.000000 3650.000000 2326.000000
3650.000000 2326.000000 3654.000000 2436.000000
3654.000000 2436.000000 3772.000000 2180.000000
3656.000000 2418.000000 3820.000000 2408.000000
3820.000000 2408.000000 3794.000000 2232.000000
3794.000000 2232.000000 3656.000000 2418.000000
2996.000000 1520.000000 2914.000000 1740.000000
2914.000000 1740.000000 2818.000000 1728.000000
2818.000000 1728.000000 2792.000000 1518.000000
2792.000000 1518.000000 2996.000000 1520.000000
2384.000000 1706.000000 2482.000000 1842.000000
2482.000000 1842.000000 2376.000000 1918.000000
2376.000000 1918.000000 2368.000000 1992.000000
2368.000000 1992.000000 2262.000000 1996.000000
2262.000000 1996.000000 2172.000000 1896.000000
2172.000000 1896.000000 2384.000000 1706.000000
2444.000000 2470.000000 2322.000000 2422.000000
2322.000000 2422.000000 2312.000000 2560.000000
2312.000000 2560.000000 2398.000000 2646.000000
2398.000000 2646.000000 2554.000000 2712.000000
2554.000000 2712.000000 2572.000000 2602.000000
2572.000000 2602.000000 2444.000000 2470.000000
3166.000000 1986.000000 3100.000000 2108.000000
3100.000000 2108.000000 3182.000000 2272.000000
3182.000000 2272.000000 3346.000000 2372.000000
3346.000000 2372.000000 3538.000000 2296.000000
3538.000000 2296.000000 3478.000000 2168.000000
3478.000000 2168.000000 3376.000000 2188.000000
3376.000000 2188.000000 3364.000000 2024.000000
3364.000000 2024.000000 3166.000000 1986.000000
924.970947 4139.343262 962.970947 4151.343262
974.970947 4265.343262 976.970947 4179.343262
892.970947 4145.343262 948.970947 4131.343262
1413.929932 4385.495117 1471.931885 4377.495117
1401.931885 4373.495117 1439.931885 4379.495117
1413.931885 4399.495117 1497.931885 4361.495117
1643.931885 4393.495117 1653.931885 4361.495117
2197.721436 4544.774414 2221.718506 4512.619629
2359.718262 4446.583008 2325.718262 4514.580078
2353.718262 4243.382812 2363.718262 4310.290039
2084.028809 3988.781250 2065.084473 3931.034668
1884.260986 3954.250488 1879.430176 3970.198242
1712.467285 3836.187988 1676.464111 3890.187988
1686.464111 3856.187988 1678.464111 3960.187988
1744.464111 3835.076660 1646.464111 3903.289062
2352.361816 3899.498779 2306.400391 3839.500977
2342.411133 3915.500977 2330.411133 3871.500977
2381.170410 4045.707520 2354.044434 4080.561035
2356.164551 4070.679199 2352.164551 4110.679199
2390.164551 4056.679199 2340.164551 4126.679199
2762.594482 4025.449707 2700.753418 4019.444092
2609.475830 3725.443115 2555.782471 3767.443115
3206.190918 3689.443115 3268.652100 3747.443115
2715.037354 4239.353516 2719.037354 4315.353516
2681.037354 4441.353516 2707.037354 4461.353516
3299.037354 4203.353516 3299.037354 4203.353516
3284.788330 4291.267090 3290.210938 4291.310059
3291.379395 4261.372070 3291.378906 4261.372070
3313.378418 4223.372070 3257.378418 4305.372070
2975.405029 4350.553711 2931.640625 4370.864746
2922.578125 4392.282715 2957.183594 4424.846680
2942.545898 4346.018555 2920.545898 4430.018555
2698.545898 4176.252930 2688.545898 4208.576172
2804.545898 4138.780273 2818.545898 4154.780273
2798.545898 4158.780273 2856.545898 4126.780273
2920.545898 4130.780273 2938.545898 4090.780029
2948.545898 4084.780029 2924.545898 4124.780273
2857.673340 4149.235352 2803.711426 4141.258789
2711.971924 4520.313477 2745.970703 4584.481445
3336.719238 4390.873047 3396.719238 4412.873047
3272.719238 4418.873047 3340.719238 4388.873047
3322.719238 4390.873047 3374.719238 4396.873047
128.078217 -371.106445 469.959656 -376.847168
461.959656 -374.847168 727.959656 -384.847168
713.959656 -388.847168 987.959656 -386.847168
977.959656 -390.847168 1281.959717 -386.847168
1263.959717 -386.847168 1563.959717 -404.847168
1551.959717 -404.847168 1825.959717 -414.847168
1787.959717 -414.847168 1999.959717 -412.847168
137.556030 -350.472534 117.556030 -580.472534
103.556030 -574.472534 393.556030 -590.472534
376.170654 -586.184326 572.170654 -590.184326
564.170654 -596.184326 756.170654 -604.184326
748.170654 -600.184326 970.170654 -612.184326
960.878967 -611.274658 1182.544189 -631.274658
1176.537964 -633.274658 1438.537354 -627.274658
1438.537354 -627.274658 1712.537354 -633.274658
1712.537354 -631.274658 1942.537354 -631.274658
1942.537354 -631.274658 2150.537354 -633.274658
1978.537354 -411.274658 2188.537354 -417.274658
1682.841187 -637.658936 1749.409180 -637.660889
1938.987183 -619.660889 2042.984619 -629.660889
1919.594727 -637.660889 2013.917725 -627.660889
1954.044800 -413.660889 2050.044922 -419.660889
2174.044922 -417.660889 2406.044922 -413.660889
2119.218994 -625.660889 2339.222900 -641.660889
2126.096191 -629.660889 2164.338379 -629.660889
2318.400391 -631.660889 2524.401123 -639.660889
2310.401123 -641.660889 2348.401123 -629.660889
2386.401123 -415.660889 2520.401123 -427.660889
2514.693848 -643.330688 2666.694336 -597.330688
2516.694336 -429.330688 2654.694336 -493.330688
2534.200684 -438.827026 2481.625488 -428.896240
2543.618164 -634.896851 2471.618164 -646.896851
2655.618164 -490.896851 2735.618164 -516.896851
2651.618164 -606.896851 2755.618164 -608.896851
2751.618164 -608.896851 2823.618164 -614.896851
2731.618164 -524.896851 2875.618164 -532.896851
2866.929199 -531.673096 2960.929199 -535.673096
2960.929199 -535.673096 3086.929199 -535.673096
3086.929199 -535.673096 3196.929199 -535.673096
3196.929199 -535.673096 3324.929199 -537.673096
3324.929199 -537.673096 3426.929199 -539.673096
3426.929199 -539.673096 3552.929199 -549.673096
3552.929199 -549.673096 3652.929199 -549.673096
3654.929199 -549.673096 3748.929199 -555.673096
2814.929199 -621.673096 2886.929199 -621.673096
3020.929199 -629.673096 3096.929199 -639.673096
3108.929199 -639.673096 3242.929199 -639.673096
3364.929199 -649.673096 3248.929199 -643.673096
3078.929199 -637.673096 3128.929199 -645.673096
3216.929199 -643.673096 3276.929199 -651.673096
2880.929199 -621.673096 3022.929199 -845.673096
3016.929199 -839.673096 3170.929199 -991.673096
3020.929199 -641.673096 3106.929199 -763.673096
3106.929199 -767.673096 3180.929199 -879.673096
3191.893066 -871.673096 3285.647949 -799.673096
3285.707764 -793.673096 3361.725342 -663.673096
3165.725342 -973.673096 3339.725342 -875.673096
3339.725342 -873.673096 3459.725342 -725.673096
3457.725342 -723.673096 3477.725342 -697.673096
3483.725342 -691.673096 3605.725342 -681.673096
3609.725342 -681.673096 3725.725342 -685.673096
3588.523682 -683.765869 3642.523682 -677.765869
3716.523682 -689.765869 3852.523682 -689.765869
3740.523682 -555.765869 3852.523682 -563.765869
3852.523682 -563.765869 3860.523682 -375.765869
3860.523682 -375.765869 4156.523438 -379.765869
4156.523438 -379.765869 4144.523438 -895.765869
4144.523438 -895.765869 3830.523682 -885.765869
3830.523682 -885.765869 3858.523682 -703.765869
3852.523682 -689.765869 3852.523682 -715.765869
3826.523682 -761.765869 3946.523682 -901.765869
4052.523682 -907.765869 4150.523438 -737.765869
4166.523438 -555.765869 4024.523682 -381.765869
3996.523682 -359.765869 3820.523682 -477.765869
